100
2 3 2
1 1 1
2 1 2
3 2 3
50 6 50
38 4 38
23 13 23
41 7 41
3 30 3
82 4 82
8 18 8
2 59 2
2 38 2
2 35 2
31 11 31
66 6 66
25 8 25
1 88 1
100 3 100
56 10 56
8 15 8
52 10 52
66 3 66
17 13 17
7 18 7
80 9 80
40 11 40
45 1 45
76 5 76
71 5 71
85 9 85
1 4 1
43 11 43
36 8 36
23 3 23
23 12 23
23 1 23
2 37 2
4 27 4
100 9 100
34 9 34
33 10 33
23 4 23
80 8 80
25 2 25
3 4 3
17 4 17
18 14 18
2 55 2
19 6 19
1 100 1
2 4 2
1 28 1
51 2 51
46 9 46
88 2 88
47 7 47
27 2 27
73 8 73
2 2 2
31 3 31
73 9 73
100 2 100
47 5 47
34 4 34
28 12 28
16 12 16
3 1 3
3 37 3
16 11 16
1 26 1
27 5 27
59 6 59
10 18 10
1 73 1
30 9 30
82 2 82
1 3 1
3 6 3
12 8 12
10 5 10
14 7 14
3 3 3
5 16 5
4 2 4
63 5 63
26 8 26
23 9 23
35 8 35
4 1 4
4 3 4
54 10 54
4 4 4
90 2 90
100 4 100
5 5 5
52 1 52
4 29 4
1 2 1
100 1 100
